38474585
10958947
39172988
35942259
17141267
27011645
48219785
17996631
10370754
12601083
16347259
42177581
23120868
69992251
12820165
10322557
45311986
23632367
57176252
39021000
11222080
19176360
64447560
15760067
16830276
18829323
29519692
19312269
53842820
14578678
10453948
44910542
24257250
11976215
68526966
23632536
20508612
12057771
23632623
33479205
43260809
11333922
70416079
69371827
50098110
42870744
16828919
25434190
15519047
30558605
23334536
17996625
66432086
60257142
63115018
61681918
66598795
30230302
15760446
16705709
16456681
67074485
67499155
16995886
55785855
51160880
10167525
16069164
22147142
44770094
66007555
45313505
44472942
39020998
49669060
33316653
16357748
38474574
30230531
43454155
29872628
23054331
18495559
20368913
18139070
29347727
15026652
64447157
22514885
12117856
13056331
33112762
23054118
65581187
35062954
10723740
23120681
23765878
40245325
29519165
7402764
57399666
59639161
14759647
28198923
23334535
15988470
44910689
11334160
61226886
43927433
44770537
11974358
45132878
14716411
25434197
12117795
43260861
29869766
12496639
56573684
64447887
37911597
59038052
58633838
12356825
29675236
25746344
15759817
12820146
30727314
16347499
16582210
16704234
15515706
35062957
15760034
60074118
60257641
26562486
64012928
11036372
7936654
30229957
8953715
20508764
45987269
16830082
10591540
10371312
59038197
17297688
13057096
49271001
20223014
65580590
42737143
42376926
43798464
16080548
49668888
43260811
15518281
67691074
48696423
10322347
68985807
53639733
13334971
42870567
41305091
15515966
20751210
10008087
11857596
18495556
11036374
51377796
44770361
20508616
57790656
48496770
27011777
20751201
29869902
20508620
43454002
10167473
19339130
47362829
17143341
48064498
61681917
61478434
35942258
48696606
64447156
12601081
44910544
12117571
11976321
40586812
59039698
58201121
42177045
12209496
17836536
27011776
29225306
12117679
33112759
56567425
11489158
14759549
54606054
11974367
12057011
15144068
62913740
9694616
65581180
61232188
66859265
9772428
31587650
18261471
16830770
17295424
70636609
42177425
10215097
20751198
11976621
40362630
43651307
29519685
46372675
47713362
10468666
29519677
69168451
11334323
19626807
64447154
9771651
50098115
20896292
10604438
10958956
8602159
42870006
59038321
11401272
50097550
59220021
10516602
31587645
9935705
14716573
42737140
19312398
18829322
22022872
60670232
12820144
10008092
58201117
19117611
11576236
21033610
19209575
47713316
24099184
16994842
29347721
25607373
52822370
20896287
24608909
18674601
10723448
14716570
66007552
20752168
11334314
7340936
16337293
15989518
15857511
15515971
52822369
39719352
57399664
16357757
11401561
9654061
58201339
11333969
7942064
13056888
58404328
44909684
30230315
46894396
16187993
11334230
22905221
16582401
28861783
10468817
51377395
11036342
18829324
26091838
25435018
16703711
68985247
60073809
19176353
16705706
16703758
14759648
10591394
70194035
16077062
17295515
69992253
11974363
18144398
11576226
21334940
47905175
27406890
57399732
59039618
34195043
49666828
60882695
20368925
28732659
56988337
58404020
12759896
23632525
69790778
35247991
64206902
46191359
18122064
23466768
64680344
70194303
17297975
63834199
42870142
61232186
61879039
20223015
42870269
56385444
47713197
16995889
10958959
33799368
29868474
29868476
37018128
48218962
35406981
40945901
59037834
16706466
15024489
16582256
19312263
14689351
41133497
46372706
24742518
30921500
38286333
15760691
30727306
16187987
18426247
14759776
25607198
23119249
39891739
10518978
62700786
15144066
36319616
17297977
19481322
64447670
54606051
19117613
65580575
22023277
43454279
17836527
17143191
54770023
68702887
9693546
67194178
16703759
16069160
25607197
13057110
59037838
62491293
18425273
27691674
13145639
7981749
22282363
50333068
44909682
29869768
12759528
15519046
12117649
31587655
50097802
47362824
26562648
13056340
28370611
18224209
44770338
38474586
10604430
17295427
49270941
12406692
12117797
57399252
28370409
14944302
15026650
27011773
7577477
63834195
44909677
18224215
29043657
12496647
66598861
16705707
44174676
28198924
42376925
40945904
24098574
10862642
33112758
27235072
26841507
18138580
48064567
18427390
29872249
59862698
19176365
47713646
15774914
18426914
20223010
9772467
65580579
50333077
17143067
59221281
16186071
58404022
24256313
69580869
20639391
34531308
66007847
44910684
31101776
60882694
68702781
59221310
21174118
53639730
16994581
18829307
10518943
19626816
10862640
56786858
10866608
16189056
15643205
58201116
41825691
15144058
47713193
62073566
15026653
24608918
69992254
10370750
48218943
53639639
47906565
17295425
38474583
14227735
28564354
15184042
35062956
49117659
11576216
60456558
11334228
68702888
33799360
40245366
25435020
19481324
11334130
30230083
68985381
16188001
26562416
35407517
11976623
15644223
14715881
49270760
29675238
17295422
11976217
60670233
15519339
23120680
47101830
26562645
21569895
17996532
10454601
56988331
45311987
18260571
35781632
12117648
51589766
12820145
14715878
47713361
20223006
9693897
19337853
70636482
23464439
23765874
18675874
10958851
15024479
12759895
38286332
48064570
20753510
10604437
10958950
15989519
53639732
18533285
16456682
17143192
29519672
11489052
15024484
69992252
14716408
41133579
17836742
45313659
10865049
43651304
56385443
18426250
29868468
18224207
16081663
65581183
16705708
59862749
38286339
38126278
17143069
32911694
42376922
23466762
50505931
48218732
50097559
17295648
64447267
48064496
50097554
34370132
22282297
12117789
39719350
64680229
44329240
38286331
52821791
12356816
44911312
15024476
22514877
25607199
44770536
15774913
23464436
19340081
25435019
42737145
56786864
9694621
9545167
63834196
19340086
53451981
15030252
9694615
17143066
18139068
15024463
47362784
12601744
16069120
19340334
18427398
18427395
60073436
18675879
61232363
38286334
23765712
47713195
7577456
56573688
17143336
16705712
42575742
65129615
11163818
36630221
52596144
61232360
34195046
17721700
40945906
43454157
23464438
38286345
52192472
12117791
69580762
69790823
9654064
18426905
67499152
67898751
58819705
52821795
15144056
44329239
27235068
43454006
24889830
18907748
35531675
35531669
10322548
9843648
51377804
46372678
52821983
39892102
18261781
17836522
10958854
19176364
43927434
14321303
52821391
70194381
47906562
11334325
69169119
12496808
45813106
26562418
44910680
11334235
19207675
51767757
44174530
18425276
47713317
59639192
35062958
11334135
62237958
16077060
12759743
23464556
42575744
24256315
59638744
21436235
22022887
44174855
59638742
48218740
47713294
29872632
27234775
20751139
44909681
17836102
39719351
17141266
16187986
12759531
12496638
57994768
69580759
33112760
49668967
68986038
63482050
59639237
56786857
25607194
59862670
10723444
69169120
7577328
49488740
45812885
20753513
29348008
10788579
15030256
47101793
23632624
34531305
24256311
24742523
18674598
12917557
62700881
59220948
14715879
20368822
19337849
40066060
61232190
17836086
33651178
29347720
58201609
12117674
25435023
21174119
24742521
61232183
13417495
66007710
14716260
27235066
33651063
19340346
16582400
25226803
54344997
22282298
13056617
15760128
17723128
11577538
65581181
43927460
29225310
15988902
10371318
15760109
16704235
39891799
50704541
44472940
58819716
11489050
70416271
11334322
16706470
29868475
46757528
16994718
50097973
61478309
10468960
49488823
11576231
59863216
42376928
44770099
64446763
7384384
48696648
12706934
17723063
57399662
25435014
30727304
26091829
30727484
16582111
50704845
11163797
11334220
11780962
15355825
17808148
23632727
10958469
63298033
54345296
15519419
18224213
48064565
51377805
10518962
50965858
33316650
20509258
13821570
30230027
23054335
9693689
12820159
12601745
11334151
38664853
70636606
60456478
16994359
57596651
18426251
58633839
10591393
14560537
11489060
19118801
22023280
16827459
55785860
43058360
43454003
43454127
11489153
19312395
47713659
15355821
11334231
13056341
64894069
14716261
42177054
64894166
20223007
21436238
35942275
36837952
57399668
63298034
22147145
11401270
13056890
61479598
38126280
50704848
16994361
15024466
49271003
15760066
35781623
19340330
53236715
33651060
59415134
47713644
18674510
23632620
17721701
24099183
34891939
20752671
30230159
24889840
30230080
56786860
18674600
49488742
15774900
27861271
23054117
35781627
15144060
35532346
16456683
19208439
49488741
47362826
29868471
45132872
15644222
60456245
24608911
13056328
11576237
12057009
11488624
57399667
35247981
9433652
14039188
61682066
14716575
33651170
20509253
9935707
28732671
16347254
47713365
10958468
18225501
14716244
11222131
7782085
10008081
29869903
55187393
15030253
64895437
18829425
21883725
10008093
13225424
44910686
56567428
59639064
12356824
59863219
43927439
54770025
30230032
46588578
11334131
21436234
10591288
58819715
44329245
15760030
48696608
39172990
14944299
18224216
58404206
27861269
20752164
69580648
22732165
16337280
20753515
30230084
31444101
21174127
33651172
10322558
51999395
21577191
55187396
27011772
41645518
13056627
10591449
16357972
13225425
17996628
10215099
41461296
47906561
35406979
12406691
10862635
15515708
23632464
34891626
45132880
19337848
48218737
43058357
35407513
30558593
18138571
61226883
12117432
62913741
15355822
21333958
20751199
13057107
17721698
11334320
45312842
44174531
20368831
20752167
40245323
30229960
42870568
8431312
19118803
11577524
9655182
46191726
34531331
18139072
24608915
45814125
15642906
18426256
40586814
37018130
45987277
38664850
16704016
59039617
18674509
16357966
27235070
59221154
44911311
63115074
19481327
16994845
59039619
28370576
9772444
43454151
22732079
43058361
29872398
47550648
37911596
69371487
20076932
20639392
51160882
43261003
14716400
19312698
70415892
15144064
58404240
35247993
14715883
39539291
28370577
19208354
14716417
52822365
11333970
8818655
15518981
17295501
43651312
51999400
10518890
10516601
59862527
16068965
18675871
23765875
24098571
65364642
11780965
60257412
50332765
50704545
61479596
14716037
63834193
64446437
49668120
10591499
22669907
51378128
27235069
28066865
11163036
30230300
42376917
20076928
70416267
48218729
52596145
21033723
62913744
18427396
21577194
14716577
12496420
15024485
12496422
21433766
28370614
34710292
10518829
20753865
15184039
15895241
61879129
57596650
44770647
43454432
9772446
64206820
37911600
23466764
15642908
17295650
15644136
19337852
15644040
22282361
13334970
42177049
39364094
15988235
17996411
56185604
63682392
20368915
65789459
21334944
12406772
30230079
66007849
46894397
12117570
62073569
51377802
16582208
29674956
30230528
49668885
10370713
45490396
15857507
17994019
23119253
32593324
19176350
19208352
9228641
21333961
29519684
28563972
65129306
42871159
17992275
18261474
44909683
33651062
52821984
16357747
58819505
11334134
10469007
19312700
44910678
18427389
29869769
42870270
29674930
15774918
50333426
19118808
50704844
44770097
70415736
52410529
36837955
24889831
18427392
15760449
28370575
16347257
20508760
48696654
59862668
21569894
25607188
30413034
16995053
15515980
12497708
16456679
62913913
51589770
18674596
11036373
10371315
29872396
12117431
54345111
11401563
53451982
17994020
20077045
10322560
40945905
65364643
62913743
27235067
12759893
42870008
33112772
14759650
47101792
68987742
20751206
65129486
38664854
19208872
53639728
30558855
21033614
10370711
65580589
60456477
56786859
61090179
28370411
29872394
14944301
33479204
10322747
11489038
69168950
64446440
63115019
32593326
28732658
60073431
10167472
17996629
12759534
11079033
15144073
60073438
34710289
17836079
25081543
23765720
16081658
29872633
34892170
39539287
14715875
13931008
64447272
51999401
44911322
16582264
57399255
28198925
17143060
50704543
59039694
64448052
10723436
20368826
34531267
34892162
9694624
15024464
18122069
16582403
61479694
17836530
58633147
18674343
13056132
24462111
69371489
15774911
14944361
16828408
45617554
51999396
17994018
44910685
17836525
32795314
19176354
18139071
10958467
16830778
49926227
10516577
24742519
32911695
12356829
11974369
12057773
27406909
18260566
62913742
51377388
15024365
70194171
11334128
12601184
16703707
15988240
10077314
18427397
49488667
61232359
19209683
33112766
25607374
52822371
48218736
11976316
9693540
10518953
60257643
24256594
10604428
15988228
16994843
9343211
41825693
48219786
19337854
20752672
10467878
69580861
62913911
18907759
65580576
15760129
18138573
55335509
23464431
16069206
19176357
58403845
59037836
44329236
61479695
12406681
10958969
23464443
63682391
29674725
18260563
16189821
15024363
16347256
62700788
20639385
11976315
15024361
62491297
70416268
11334030
48899021
16706222
17992274
56385452
10862627
48219783
63682389
11163877
52821794
28066867
58201118
30230090
32593323
21333960
60456483
13057100
29872631
49488738
38474573
15641907
10723619
15774920
23120672
46372703
16830772
17297683
47101832
59038379
40796691
16995166
42870143
19340326
59221390
24742525
47904985
24256309
10370758
11489033
64680538
23119250
11163841
9693894
11334318
47905180
9011457
41825694
16828916
39021004
35942260
54194586
45812880
32795317
45132882
51377807
43454435
54345117
17723064
70416016
66432226
62238004
47713075
11222013
10322746
58404131
45313657
25081545
12209827
29674729
21333943
23466767
42870271
48696610
19802436
17143340
58819569
64206716
45313506
18425079
16069209
34531268
59415211
11163037
44174672
25607508
16994229
51160878
61682067
48218972
60074121
18225499
12706941
62073565
20751138
21033617
12117717
27551208
17442144
64447268
10008095
21702115
12601741
60257140
30059923
28066866
15759815
11780967
16337277
29348013
57176391
15988234
36118691
50097721
10958958
30229945
45490405
50704849
47905186
12759539
16830267
12117429
32253077
15025926
45617555
61879038
58404130
54769969
14944300
68702973
29347616
57176340
17143201
15895242
21334037
18225498
22023271
51767758
15642870
12057769
46192605
8382034
15774909
10957715
43260865
33479203
24099186
42026569
19626806
17143070
49669064
17808339
49488744
16706221
10723342
12356818
45311959
23765868
10866607
27691676
16188000
9654051
44910546
11577531
10322559
11163796
21436243
11163821
22023270
16828918
69790824
17836526
58819477
59863165
23054116
48496898
22905227
62491387
18261172
45812887
13695346
14944360
48899024
70415737
45813030
56573691
14716266
18427393
39539293
11576217
28370398
44770533
20896289
29674524
61681914
45311963
9654427
54345110
30921493
31908627
20752675
43261004
9704904
16994230
15518284
27234787
29347725
70416270
31587651
12820156
59221311
44909695
31269243
11488622
57790544
16994233
23053329
16189815
35406980
14716243
11974357
18427394
14716568
47550655
11489139
56988332
11976655
10468965
62700785
24889828
15774915
15518288
49669065
16189055
39892096
29348014
44910679
51589767
19209534
60257413
18139078
29519689
42177044
60073433
69992391
27861270
50704846
16703762
29872630
20368837
19339131
18225500
28861788
12759900
16703757
11577532
22282296
11079036
66007561
51377798
16828920
35247992
17837129
59220077
16704233
18425074
59639193
18907747
28370612
57596649
17143062
27235076
17836084
15030251
17442145
13335036
15643206
12209739
52596139
46190785
42737142
45813029
35942257
24256590
11489160
10958951
27861272
34891944
60257640
12117675
25607509
12209817
50965854
24608917
57399253
21033613
17836538
46372704
15024364
33651165
39172987
34531270
47904979
9693637
16994362
53639731
15774906
53842826
24608907
24608914
61226887
70416080
18425078
35781626
28861784
26562421
52596140
50704540
65581186
10723737
15988896
19312260
29868470
10723676
65580572
62237778
10370752
21577190
30229953
16994598
42575745
48496896
59039855
50098109
70194302
21033722
13417497
69992395
69371702
16706223
54770022
16186058
18226253
12760073
56988333
52821395
10370756
18674512
10293271
50704847
16995890
18138566
10322750
11688002
16704240
21334937
16828921
60456244
15760548
17141261
16069162
29347726
27234771
54344999
52822173
44770101
16995163
13225136
36837956
10723434
25607372
56786863
17808151
44909680
12760072
7740622
66007554
17836524
63682390
59415138
55187397
59639166
10723482
15644272
10862638
47713660
62913747
18261775
18425266
14227731
11486605
16995165
64447159
12057008
62237781
17297686
16357749
16582207
21334035
18829292
62491299
48219676
9693639
12356817
20077051
23765867
26562488
28198921
17143339
10468963
42870465
17996533
18425277
45814116
10370755
11333925
27234783
23054119
17836092
20077042
44174856
19802428
9654050
17143199
55785859
11976219
11688087
16081657
59639270
46372705
68702971
15144077
55973913
69580899
57790657
19339128
18261479
15025929
19210286
53639726
58404327
59037943
14716414
68987883
50333430
11079032
59221089
19209533
54769973
48218738
43454434
14716247
25607184
16830083
52821598
29519232
42870005
19340339
12497704
16994717
63682393
48496771
10518980
51999397
55973749
16995054
10293266
26715706
40586815
10591395
44329241
16189409
12209747
53031635
38286336
11577527
68985915
17721704
47713647
9654056
11222075
29674603
51377794
15642910
66007557
66216064
62700784
45812760
24257255
10591518
15025927
16456678
22732153
18144401
35062960
19312691
45311960
43651311
64446438
39539292
10322346
27011775
12406687
41305093
24257253
23938296
16068960
11489147
48218728
42575741
55542363
69580867
64893914
45132873
63115073
27691675
16357958
53236713
20509256
25435004
19117620
9771663
69168453
12496423
10604424
42575873
53639891
30230030
68526964
28564350
10865050
10865055
12601739
15760447
23334542
45313660
39539284
11488625
36837954
64447271
64895436
19339129
10591428
38126282
10591715
41645511
10322568
43651306
16703763
58819316
42177053
49668965
64893919
21702116
22905225
10862600
16189817
53031638
19117623
16830269
42737147
61090177
26841508
36837950
69168657
12759913
10167469
9694622
11334224
12759537
12759904
34531266
12117794
12497706
20753518
62913914
10591292
70417342
42736867
18261174
10215093
12209826
35247990
16347253
69790774
10958855
11222132
7830581
35531668
23464433
51160875
10322552
61681915
27691678
54345109
48219784
10723292
32593325
44770337
10370707
40362627
56185605
30413039
15355824
32253080
42177427
9655181
16830769
26261010
59039856
47906563
24257252
31587644
11857598
64447270
20509257
69168656
25226805
35532350
12600976
14716253
15989525
31444102
70417346
58404021
44910548
20077043
11334313
37384060
30229959
16994591
13057105
15760110
18427399
10008083
62237961
12209762
42870007
14139874
16703697
15024473
10322551
34369934
33799361
24462110
11334170
13225229
42870144
33651167
39364085
25607206
60456564
57790538
19209574
28564279
51377392
37911503
23464430
29868472
16080544
29872395
66216065
18138578
16189824
68702972
37201330
41305092
19945310
61478435
39364090
12820164
14944366
34011440
38840702
63115069
40245365
64894068
57994770
10591290
65364638
19312692
30413037
25434183
12759902
54344998
45987272
66007850
48496773
17996531
65789458
33799359
41461300
33799367
57399731
16830782
10958470
46372707
14139873
61479599
16994858
12406774
23466763
10215101
16582267
47713076
10215096
12497713
50097722
16704008
21174126
10167527
23464559
10958466
15988895
10862637
15519420
35942256
17836748
10008096
22282360
17996410
9772458
17141265
43058826
16703703
42177046
14716569
32409075
13225133
16994848
30230023
7384229
14759774
49926232
21333980
45813108
18426908
12496418
56573690
12117436
39172992
35532349
43927438
12209746
59862525
62073568
69371945
14716413
29347723
42737141
50097719
17808152
58202168
51377396
10865048
43058362
51767761
11334221
18425072
59639063
9693687
14321307
21033611
55973917
22147143
50097723
68988053
10077297
8542348
17141257
50333069
30230028
29225307
10322339
11976505
54345113
45987278
59639037
12496803
19945311
11688005
20508762
39892101
43798462
28564281
62237959
36630209
69168454
9693548
11780966
10722236
24256310
12496416
10293269
29519234
11334234
64894340
35247984
24608908
19117622
28066871
49666831
50098113
18495554
12117858
12209819
17143335
39172989
9654057
12601185
16703713
29872629
18266411
9693893
25746346
27234784
10468814
23054338
17721609
59638745
11688006
24098576
18224212
17995566
9935811
51377394
59862696
68079751
60257414
48218956
11162776
16830777
10516580
23464560
29872246
12406683
13057108
43651310
48496897
67499154
14227734
18427386
47362827
42575875
19208351
29674939
10322563
29519551
53639638
19339127
44910547
20508625
16357957
12601084
11576232
10591450
10322344
15026657
36118692
10468962
17141258
44910545
61479597
48219677
14716572
21436239
66432227
44174678
16189407
13695342
50097971
10370710
14716040
18675867
41133496
46757657
44910050
19312689
53236716
29519673
47713077
28563982
12057775
15985176
55542368
11334229
17295503
57790381
15642868
33799365
48219787
61232182
11488919
34891947
33651168
23938293
16069210
10862626
25607204
9693545
16995172
45312843
9473227
33112765
10518965
52822372
22669908
26562646
43799036
39892098
64447160
11780963
63115020
17836741
18907749
60882693
7686000
16582441
16357754
12820151
47905179
39172991
10722289
55973750
61090178
46192607
33651166
11857597
15758760
30230026
43058359
15184033
24256314
45490394
11976311
11333971
21033499
60257274
18829320
23120870
51589769
18226246
60257639
10322341
68987741
27234772
8691555
7442693
12759922
51377799
11976625
10468818
11976499
65129305
12057007
9155014
21433770
21033612
70415886
10468961
7581684
29519682
26261006
61232358
44910051
10723400
59639241
17442143
47713296
29519547
20076941
69580649
24742524
59221250
32086559
22022871
18676180
11688007
18122059
27551204
17996408
10293267
14944364
57994882
18675878
68985248
10591287
16337279
16081661
46190753
17808147
43799034
43798547
36837947
69168658
25081546
49669059
26091836
46372777
18226247
59862669
23119252
16703761
16347498
18829299
44329238
24256588
11576220
10468808
39891808
12917555
42575877
33799362
15025925
68985913
18676188
17143194
38840700
44174673
30413031
18674338
19210289
69168724
36491116
47713417
52821396
15184037
19626801
10958473
17836744
59221389
46372676
30727303
15024486
39364082
62491298
11222077
51767760
12759533
18675875
15644271
18674599
12496806
58200972
59221191
11079040
26562415
20896290
11334324
9693547
26562485
15758762
15644189
10862634
66007848
10322752
66598793
63298032
9663774
32911691
35781621
52192477
12057774
10958949
61232191
23053330
15760666
70193922
39892099
16582116
20223017
46588583
17837128
42376918
19207677
37018129
46757542
24099189
10591293
44910683
28564351
13417496
8470197
18674346
26402915
34892161
37911595
10866609
19210285
10518964
9694620
64893915
19802430
12209757
70416269
40362629
53236714
38664851
16347255
49669062
48218409
58633150
10591496
46191736
69168450
10468812
48218734
38286342
61226885
22023275
16077069
59038380
33112763
69168955
34531332
11976656
10865051
43454431
41133577
47550649
64447890
45814115
16995168
50097972
65581188
57399730
11334029
64012925
28563966
15024483
13695344
11489043
25435022
69580647
30921491
8774538
47712978
21033615
10958948
16582444
68284950
34370134
12759527
10516599
45313724
13056624
42870272
54958703
14716508
36630218
27406900
53639735
58201608
7341006
59862694
70636541
16187991
45132875
29674604
39539289
26562656
62913748
68988052
25435016
18266406
19626809
12759905
28564180
64206718
50964771
23120674
12706940
42575872
66007560
28066872
47713645
20752673
16456677
64894168
10591717
46588582
17295423
28564349
27406898
45987273
11976619
21174124
61232192
15030244
33799358
41645506
20508759
51377800
47713778
40796690
26841505
29869767
53639896
13056133
65129616
15988236
25434186
19481321
36630211
17996407
42871161
18122065
15895244
26562655
8087957
66432085
28564277
36837948
16189823
42177584
18829318
29347722
15642869
30230085
9771110
50704539
12759536
12706933
12406743
65129489
59639125
58404019
49669058
42376950
20890600
19337856
10516600
42870147
24608916
16189065
69371562
46191725
11688084
56786862
18427384
18674511
11401274
20890599
70194304
11334227
59221155
30558849
24256316
64893762
21334942
11334232
60670235
16994231
44174674
64894339
18261773
46588580
52821986
18266408
29674940
30230078
11976214
63115024
16995056
58404326
50097966
37384057
23938295
11401564
37911507
22732169
46191733
26715704
26091847
21033501
69580522
49270758
34891941
53639637
55187331
29347614
59038032
11976220
18224211
28066869
15030255
10518927
15760665
50505741
20368827
39891801
10723288
70416273
17996530
43798463
12496641
24256591
10077296
29869777
9693636
37911599
16077058
16830781
54769966
13057097
44770098
40245364
67898755
53842824
18674337
16830080
15024475
48064562
18426903
10322748
34011443
10468966
49270940
21333959
35407515
59039853
34370128
28861785
20896297
12759734
16830275
9654216
28861786
69580502
12759732
19481323
11974366
50505742
64206719
45313726
21577185
17721612
37201329
41461301
11334125
59038198
10322745
19117616
70417343
16582108
42870469
19312259
48219788
60456559
49270761
19208446
36630212
23053328
10370753
29872634
17995565
27234779
66007708
9693420
19117617
12820160
29348007
19209571
11334319
38474587
16347503
16830280
48696651
15355826
29519170
17808343
54345118
48696425
23120675
13056348
49488743
12759912
45490392
18139069
53031648
17996626
23938287
15774903
60073812
51377397
53639895
14689350
9693690
20639388
59038547
35406982
12821138
12356819
18674347
12496807
22732155
20368839
12356822
51589764
9655176
10167524
13056631
54194585
16357756
13056620
15758769
24099188
30230160
16703756
31764756
11333915
11976222
67898748
69790776
9693892
49271000
15184038
58819638
70194373
55785858
15895246
49488824
12496809
21033500
59415137
52821985
16069205
13225230
29225308
11222011
19340084
15759821
69580650
65580573
43454001
57399733
16994228
70416081
11036338
12601029
63298143
69168723
19118797
29869906
15030254
65789461
23464432
43058601
55973751
11334316
12706937
17721699
11780964
10518963
29872255
42870277
17837130
64893912
11488918
50704840
69371490
18829426
35781631
10077308
18266414
26562651
23334539
32086561
47713462
17295495
28198920
50965485
9694617
18261776
51589771
59863218
29519168
24098568
16077063
61090176
15643204
18261480
29043648
11974368
29675239
23632370
15026659
37911602
10468662
47362710
24608910
15515709
15144069
13056351
16703760
12759899
30059919
13526551
9694626
12600974
59415210
50965856
23466757
47905174
15024359
11488623
38126403
19481328
13335043
11976617
69580756
16068959
25607202
66216067
19117612
35531670
17992277
46191734
30230031
42177423
38286340
43454005
15758770
62913841
10322351
59639240
15355823
13056886
38126402
14716043
16187992
10469113
50704341
34891948
62913745
43260862
11489041
59863159
61879040
21333949
58819384
16337276
23632880
13057109
16582442
19802429
58403842
18425275
19626808
11486602
12406684
19340343
59415139
10370712
65129487
51377660
47713775
10453946
12057772
37911598
60257143
42026573
62073570
12209755
70194305
23466758
59038316
18266417
44174857
14716265
17295500
10723622
49926243
10371311
10468663
20508622
17836085
33651059
11688008
15857497
29674941
20368821
19208444
70194169
23466770
9654135
30230306
29519690
21334036
24256312
10322567
15025930
13056345
70416018
29674932
34011446
10591494
20223016
10453949
27234782
9693896
55187332
66216069
41645494
43651305
69371699
18425085
20508623
12820147
64206904
57399663
15518301
12406744
59037835
29043647
70636542
45812886
65129488
29519675
38126279
20896191
62237960
22732077
30230024
15759820
15310235
11976503
55187394
21702120
22732154
68987882
40945902
70193918
16187990
34370126
54606050
30558854
21433768
11976317
64893763
12601742
11488922
11163875
20223009
21174116
8264395
16994332
65364639
23119254
40945903
25434185
26841434
15774901
51767759
25607182
16068962
11334173
13225137
20753511
65789463
18144399
38474584
48218723
49926226
64447153
30229947
13225423
59638743
38474571
34891942
29674938
10518923
33651061
17723065
12760077
43058584
18427391
13622650
10591520
12820169
63482049
9694627
67074387
12601182
21569893
15515703
27551206
20509259
35247985
28370405
27406892
20509249
16069208
42177424
18426258
46372778
57176338
15989527
42575740
49926225
23765872
16582258
62491386
20508619
19312693
14715871
16994333
18425271
8369430
18260569
65364644
55785857
36491118
66598796
19117618
18260565
19176362
17297973
59221309
57176251
55973918
37911502
16069161
11488909
13526550
11780960
23466756
25227057
17836746
54606052
30558856
36491117
25607207
11489152
11577535
16830268
20752674
40796692
11488923
70194168
28198930
66432225
22732075
17143196
16704015
39892103
50505932
29674726
16582443
12759897
14716257
59863155
51378133
9693891
23054336
13417498
47905176
15642905
14716410
29674931
9654206
20896193
44910049
43058587
14716262
21033504
18261771
38126273
14759779
38126274
19209686
16189831
15643207
50097727
17996413
41305090
21433767
21174123
11976496
35062953
10518948
59038051
62073564
59639238
39892100
12117798
9693544
28564348
18261481
39539285
13056615
21333946
20753867
46757526
51160879
16077061
58404018
56185607
17295651
18138579
52192478
10604426
15184036
50704547
10958881
11488619
16080554
24098573
16704007
15518287
30230309
50097968
12406682
10518945
48218726
22669910
15985173
58633149
42871162
21033503
10293275
68079753
23120867
16187994
18829325
29674727
16704018
15895240
19312702
22669911
19208442
33651173
35531678
69371830
67194175
30230087
39719353
10862629
44174671
41645522
64680226
9694625
33651177
12356831
50097969
44910677
23765709
20368917
41461298
34891628
30921499
42870268
57791063
11163936
64680447
11162775
21433769
10591429
35406986
29348004
18675873
10293270
34891949
28564179
10469010
12117720
16189064
50097551
66007711
12117718
49926234
17295502
54770026
16357969
30727312
18261173
16705704
18674513
13695345
34195047
52821792
17295652
15758767
67194176
25607375
12601181
18829424
28563971
19210288
59038320
10591718
10865052
21033725
46190755
45812884
44909678
25227059
12117855
9655178
25607368
18829290
35781630
15355827
10518888
12759747
18427383
10591714
15518285
10591424
30230025
16189408
12706935
50332768
42871158
59862697
13526548
14715882
14761577
49666829
64206903
61232184
12496427
64447508
61232189
44911310
18907769
24742522
16582209
44770336
47550652
62491294
49117657
30230156
18425272
59220078
17836542
24098578
16994849
22023272
15857515
16357962
16357967
52821990
18266409
58202169
47713297
18426907
26402918
34011451
9267840
30230530
15895245
17143059
18829423
37384056
65364641
46588579
24742526
20639390
67074386
10469008
16994582
17723126
44174677
22669906
51377391
12759538
22282362
56185610
64680346
20368823
16582263
10322744
9654065
31908633
14442253
10008084
46372708
12117676
15144054
47712979
57790344
27011643
52822368
20508615
45312845
26841435
42575874
17295426
29872155
10866610
12209742
58201340
23632466
44770648
14761586
12496414
29674929
22514881
12496424
22732156
16705703
43651303
11488921
59639059
19481320
17996406
45814118
45313658
26562417
19340329
42026572
29674933
15030248
44770341
16706219
15857510
10468811
29869773
59037944
10518966
44329244
46757544
14716263
18533290
52822174
52192471
18260574
16706459
13225231
10518944
53842825
45813028
15988471
15310233
13056616
28066868
17994023
12759738
16704003
57994885
20751141
24889829
67194174
42870145
52822367
60073810
14761580
18122061
23119251
54770024
12209743
48696421
29347840
30921502
19626804
15774923
25607180
15985175
17994021
14716574
21333956
65580587
51160881
12406773
42870146
41645504
59639162
61232185
9654062
7384916
56988336
43058600
24099203
15760033
15988472
54770021
13225228
46192612
10518830
67691071
12759908
47713295
16828411
10371316
59220947
27551210
13145641
10469011
20076931
58819639
19312699
38126276
12759911
24256592
23632881
61879130
30230155
45490397
26091837
49488826
10958879
19312393
14759646
46757658
26562647
17723127
69371939
59415208
61226884
19340340
14715885
20509252
15184034
38126272
55335510
45313508
34891946
16081662
57994881
52821397
25607371
49117658
58633841
36491120
17721715
19337850
47712981
29872627
68526968
61879157
59862526
59037948
16582402
69168836
16830787
55542364
23632465
19208440
12209495
33651171
33651058
32795315
10077307
56573687
31908621
20896190
24889832
18675872
8320573
16582405
59039695
16187995
23632725
60257138
47713643
17836091
18260564
10467876
65580586
32409079
49488739
16357963
15895243
70194033
10008091
19176356
11488618
12497710
12496645
31908629
10468809
66598859
67074478
17808150
69580501
14944365
32086557
38664849
11489034
30558850
18674339
57176342
34891938
26091825
61682068
14944357
68702778
25607201
15026649
25607510
24099185
15030243
15758761
27235074
39719357
40066062
24256593
48064500
47362782
39891813
17836529
29675237
16582257
14944356
48218955
43651309
44175041
53842821
35062961
12496415
10322564
32795311
47713198
34370129
18676190
53451984
12759530
18907756
12117854
69168829
11401562
11486604
18425274
21577202
64894165
43454433
16187989
16830773
14715877
17836745
50704342
44472941
61478437
64447886
10518897
40066059
24256589
44770651
12601079
18533288
35407512
18122066
43454150
67898749
64680227
44472937
15988473
12706938
23120869
18226245
67691070
15515967
49926231
50704548
30413035
10722288
28564352
11489159
23765695
9935809
28564353
20639389
19176355
48218407
60456243
11333972
15515974
68702786
64446760
12117677
33316646
15024367
10723290
11688085
30727305
39020999
18674341
17141256
30229958
13225418
29348006
8211920
23765873
53031636
65789462
45490393
15024469
50965482
37384059
60074119
14716259
15030242
10077313
47713774
52821597
25434187
16187998
19312396
22023274
10322354
10591495
64447669
16357755
59038378
57790389
30921512
14759775
69580760
19208355
67499153
11577526
9693638
11163876
28861782
35531671
55187398
53639903
64447885
17141259
62238003
7892656
13225132
16347497
30727301
10453950
16828922
58201127
68985916
34531307
23632621
19337851
59038548
11489143
13056879
59037949
30229955
10077303
20509250
65581182
9693543
9935708
47904984
69168951
11036341
9771111
16186074
10723343
10958856
41645505
23632533
47713081
10322742
28564181
56988334
28564178
10008094
10322561
26261005
43798546
17297691
15644190
10591716
35781628
54345114
10468815
54344995
64447509
64447161
60670234
13433465
14944359
59037848
17836521
31269241
13334972
29519681
50097970
37018127
44910543
9771652
10865053
48064499
14716248
18122063
42871156
16077064
47713078
17442141
70194174
59639065
48218735
16582119
10591426
54958701
27406889
68702789
39892097
38840703
49669061
13056134
30558848
56573685
18266415
11334148
12759532
32409088
19312690
59415135
20751211
28370403
10722290
59038204
15644042
16189809
44770649
62073563
19312252
56185608
54958704
17295509
14039187
16828917
64447561
21033726
43799035
14759550
20751200
18266413
42376923
20368924
42870745
27234774
29868469
18533286
11488925
9226811
33479202
62700882
32253078
12760069
42026570
66432223
23632372
10518946
39172993
17836743
48696422
20753514
16189812
16830081
15760032
14715884
50097552
9654063
17995564
51160877
48496895
34011442
46757654
10322340
10008082
27691677
23466761
16357750
65129304
50097813
20639387
40066061
34369933
12759909
52822175
15774922
51589768
19626802
15760553
10469006
60456247
10518894
23464437
16705715
17143198
54345112
48064497
9843649
29872254
43927435
59038203
15519421
66007709
9843653
17808146
26841438
59038549
60073813
64206905
57790537
12820168
18261468
14689352
59038207
26841509
41825692
30229951
41461299
34892157
27406906
33112761
9693542
58819706
58819315
45813027
18674602
23765706
42871163
42177422
13056628
10723387
16994720
18224204
16456684
17295646
56567432
35781622
10958463
32086558
36491121
17994016
12117716
12496643
40586813
16828915
29519169
12117796
18425270
29519694
23632934
25435010
16080541
14716571
19340338
10469111
20896288
16995158
20509255
54345297
44770095
11576219
57176339
28564346
16357753
9655179
41133495
10077311
46191735
64895438
53639734
16830270
15989517
43261006
28198932
15989520
29519691
10862641
50964773
16189058
25607378
31444100
11489059
16337290
14715880
23765711
57399665
22669905
19802439
12496812
18907765
22514882
17143343
68985626
9935706
16995884
64894283
18144400
20639386
18260568
11489154
61232187
47713194
43927437
44175039
61879158
19176351
59037844
10591533
16994587
13335042
16582255
69371824
16347502
12601028
18674363
34531269
68987884
10604425
69580757
21436237
50332763
33316651
10958960
12601746
43058599
12759745
27406896
19312696
18261469
14761582
66432087
15024481
34531334
23632937
27011642
60257638
63298140
18426248
23464564
25435005
58819501
16080546
39719354
60073432
34531328
16994716
25434189
12760074
46372674
9935810
11489155
10788582
16994588
29043646
22669909
9654058
32409076
65789464
32086562
27234768
10370757
48218727
44910687
16582404
17836089
13057104
10293277
11577528
22514880
19312255
34531333
22514883
66859264
11163874
25226802
12209744
53451983
17808153
19312253
60073430
18224214
56567426
12917556
19176359
10591519
34710288
18266407
12209753
37557089
17994017
59221282
50097800
17837127
9693549
44472939
10518967
69580435
12496637
11488626
16995885
15024362
10468959
10468964
53639729
25607367
43454281
10723291
13056882
58201125
23120678
66598794
43454156
23632936
13225134
39020997
15518292
10322562
14716052
64447507
22147141
50704542
10723402
19312687
11489036
16705710
44770535
14227737
20639393
19209674
43261007
32795316
40245363
47362828
12209814
17143197
17992273
40245367
41461297
11488627
11163935
43260864
26562657
18260573
15641906
39539290
23632534
13821565
13057114
17992276
11333974
10958955
9693634
15758768
69168953
59037833
29674928
9693421
58633840
53451985
12117857
10167470
21033724
58404207
16357752
39539286
51378132
64447884
69168659
43454280
56988335
30059920
17297689
13433467
16994334
24742517
11333919
43798548
18226243
18138576
18533287
16828924
15518983
50333066
29872626
9693422
16186069
70417341
69580436
64448055
43058825
10322550
18138572
33651174
10008085
44911313
18261778
18260572
61478436
15030261
10370786
10516578
42870273
54606053
50965483
62913749
60456479
29869772
21334949
20077044
17836747
10322345
10322342
9693635
25227058
50097549
9069402
63297946
19626803
59038551
12117719
34195044
26091856
11974360
20896291
70415890
9693895
22732076
17297687
18533284
25746345
18674595
10371310
14759778
59038030
10077310
42026571
60257141
12497705
30921495
23466766
9626851
47712980
16186068
14560539
55542367
10604422
16706464
15988232
25434184
35247982
21334939
43260807
69168826
38474578
21333944
16456676
11163819
19118804
11334233
40362626
18829428
54606048
19208353
16080540
18224208
58403841
11688086
70636607
62237780
41825695
11488916
11163795
19626815
53639900
15760551
23632619
10958853
21334934
23632935
46757656
18122058
70194170
47904975
59415212
68526963
48218412
26562414
26715701
13056349
15519338
20890602
21883726
18225505
44175038
29872245
11334181
66216061
60074120
58404241
32086560
36630216
29519683
47713416
54770038
28732657
46588581
10958852
14944298
38664852
10518952
21433777
17141264
46894395
15515700
50704544
30230161
16068964
48696427
15515704
12209343
64895448
11976213
12601183
16994232
43798549
21334935
60257277
19340087
20076939
10722243
52192473
22282299
29519171
19481326
50097720
48218408
10322571
20890601
58633151
27011774
47550650
10518947
42736871
9693688
15144074
40796693
29519676
11576230
13225131
9663775
30727307
23632366
42870464
29347839
31101777
69168825
16706458
28861787
29674936
11488915
11976497
22732152
15760031
44770532
18261171
18225503
17723130
49488668
18674344
16347252
11334236
35062955
10322355
19337855
33799369
28198926
18260570
11488917
44174854
15024477
65581184
62700885
57596654
28732660
18425268
57790542
29674728
49666827
10370760
30230081
53842822
9772429
35532352
68985673
38286344
21433772
65789460
12706936
53842823
45617553
20368834
61232361
34710290
18425063
45812759
39891805
60257416
42871160
43651313
17295521
29519687
64680345
12601743
59221189
33799363
28370399
25607507
12820161
49488671
70636483
17143068
21174115
47362825
10468967
46190751
39891812
21174125
17297979
64680541
47905177
58819389
10723741
55785856
55187330
12117793
10788580
24462113
9693890
22514889
19208873
8160991
22514888
45313725
18261772
29519176
30558853
17808336
15857518
11577534
53842819
12600973
70636605
9694619
21333954
15760444
18426904
10518922
59639039
47713648
47362709
59221251
63297947
7864874
69371701
11401273
12117792
22147140
65364640
18674345
11488628
10518969
64447158
51589765
30230022
16704013
16081659
20751207
30413032
17996414
59038202
16337291
13931007
49926233
11333926
15857512
20368916
56185606
42376931
29869765
11334315
63834197
46757655
44770100
16456680
60456573
11334326
62913842
18674597
16994335
11333923
16189062
20368919
13526549
14715876
48496772
42575871
58819475
18225502
13225422
24257251
70416272
42737148
16705705
15758771
17836520
10518896
15985177
24462114
17141262
15515968
42870467
34891627
34531330
62913912
59639127
51160876
44909679
35407516
12600975
23632879
49926224
34892160
42026574
10322756
18425060
17442142
38474582
35062959
10862599
60073811
69371491
11222129
29347620
41645517
69371825
17996627
57791062
11163820
23119247
31764753
62700884
44910682
21569892
19312686
51378130
12821139
16357973
40362628
10722238
64447888
68284949
11334317
16995052
30727482
18426249
62491296
10468665
14716506
63298138
63298139
17442140
43927436
18224206
7882732
16994719
48696420
17836528
19207678
16994580
37557085
15515976
38474577
32911692
36630210
59862748
23632726
41133498
15895239
69580758
12057010
24099187
50097801
29347613
19340336
34892179
15774907
11489035
10591427
18427400
46372677
47713363
10215095
30558851
61232362
15515707
66007559
41461295
69169121
28370574
13225233
14716041
16357964
50704843
43261008
13056626
39891741
50097553
43454430
21334933
11401565
8653807
12209344
34891940
24256587
38840701
23632535
49668889
15644132
42737144
64893761
12209815
57994884
23632622
58201119
32911693
55542365
64446436
16081660
34891631
59862692
20076929
8888301
17143058
9654424
61879132
44174675
45313507
16188002
12759746
15025928
34892171
13056873
23938294
21436246
69168456
24742520
50704339
15518302
10591719
47550651
53031637
69580434
22514886
16189816
51999399
34710291
43058613
48696424
65129614
10322353
64680446
10591291
38286343
15642867
55542366
59038319
42177583
17721716
28563964
45814117
64447155
12917558
23632626
12497715
11401275
12820158
10591425
63834194
31587641
64893913
16582445
33799366
43454004
52821596
64206818
44770093
10371317
13335038
15988238
22282300
10604439
10454600
43058595
10957714
10293268
48696609
51999394
48218411
59639269
70415896
16068963
14227739
30230303
14944363
12209748
30059922
43798460
10604423
16080545
16706220
15515710
61681916
15760689
50964770
54345108
29519546
15310234
12117434
35532348
14716046
18425070
64446758
17143061
49668114
44909690
58819567
23765713
12057770
14442254
15760550
18425083
45311966
9713417
68986037
14715873
12496421
11780961
63115026
15355820
20076940
10723397
60073434
23765694
61879042
43260863
24099207
15025931
22669902
19209573
16705714
23466771
16704002
15774908
23119246
25227056
57790539
47713418
64206822
59221090
69168452
19210287
53639727
52596143
68985917
50965857
18829429
48218725
13334969
69371941
36319615
11976498
10468820
59037846
26562422
30558607
69371559
70417344
15988893
15184035
42736868
33651169
15760549
34891945
14689349
66598860
16077059
12496811
26261014
11488620
44910681
19802431
27234785
15025932
28370410
19312394
15024470
10077305
42376919
50704841
27406893
10518968
30413033
23334538
12209752
10370783
17836094
16189828
16994592
12117790
56786861
60073435
52822366
16830774
15024482
45812761
23632882
7389221
18261774
17996412
30921492
49666830
65580566
18675868
44911314
13225135
49488670
56573686
11576234
14715886
45312844
10322352
17143338
50704340
14715872
45987271
30230304
45987270
11488924
16187988
10958465
12759733
14759777
21334936
19118802
57176390
69580523
30230029
16704017
29674527
33112771
35532351
19117619
21883728
15857501
29043656
18224205
49926228
18138567
26562487
61681920
54345116
47713773
21577189
17723066
19209677
19117621
51377793
18495557
57790343
28563973
43454124
7577401
11163842
15857505
52192476
16080542
28198929
12496804
39364093
27861268
11489058
70417345
16995888
11688009
50097724
28370413
23054115
17143193
18138582
49488828
12406699
42870466
23765871
12601738
42177582
68079757
21433778
47713079
31587648
13622649
16186060
46191358
11334129
69371703
23632368
16706468
16357956
16347258
16069121
64447269
59039696
33112769
10518893
64206715
11222130
34011441
17143202
57596652
14761578
11576233
40245368
69371700
16830079
9654055
15026654
18261175
13225232
31587647
59862693
18266412
9654059
65129619
11976216
19945312
20223008
34195045
23464435
58200974
16357968
49669063
11577542
16186061
59039854
42870275
25607187
54345115
58633148
17996630
60456396
29872154
17836531
54344996
12209345
29348009
20076933
15184040
21334951
45812888
24098572
46372779
19945313
11334219
30230533
42177048
29043645
43799037
13056327
64680230
36837945
14578673
18122060
47713196
56573696
15024360
59220016
28563969
28732664
27011644
28564278
50332764
30230158
15026661
15515965
35407514
12356830
18907751
18138577
25607369
23466759
28370615
10215100
16347500
35247994
52596141
23466760
17295421
55187395
46372679
18676183
23938292
10077315
29519778
42177063
15184041
28563967
61478310
18225504
12497714
27551205
10469009
18427381
18675876
44770096
43454126
14761576
67691078
22905228
21174122
18226248
29519686
68985808
50097967
12759535
15988230
16706368
59863217
16995162
12356821
46191732
17143337
12759924
10591289
12406775
10370706
36118693
12496640
64894071
13225420
11488920
39021001
57790547
15760029
25607195
9843651
39539288
34891630
53031639
64895439
36491119
22022870
17297684
60257139
10454598
68987740
35406983
12601030
51377393
19207676
11401566
64893760
24098567
29519781
64894163
70194172
44329237
23054120
51378129
30229946
44770534
12759903
26091839
42870266
59639163
52821793
14715874
10788581
16189829
12209492
65581185
20509248
10722235
25081544
16995051
15144071
49926235
13931009
23334537
16994840
64894282
62237779
52410528
55335511
29674934
18260567
15030265
64894285
68702889
49270942
60456397
29519548
29347841
23119248
64680228
61232193
22905226
26715700
25226804
21033502
50333429
18226254
23120677
45132876
16069207
37384058
10077298
45814114
51377797
10215098
9771661
29043649
49270999
12209741
69790822
42870276
32253081
13056878
12496644
41461302
37557084
14716256
61879133
30727480
20508761
10077316
21333955
60073437
23632728
64446759
12601740
59863156
23466765
66007553
10468810
18425066
11334321
49270939
18122068
43058358
43260812
44329246
16582262
12209740
23120872
42870743
9694618
34531306
46757659
54769967
35247983
11976618
46372776
17808342
58404023
