130071590
112864286
62237959
21702116
107828924
124244742
21577194
62237960
112739244
21883728
129498245
62700885
107826285
90002380
112864290
91196029
107826286
22023275
21577190
107826288
62700784
128836246
62237961
107828504
124033475
62491299
21577185
62237778
62491387
112864255
62491298
107829223
130263796
112864288
90582984
130071589
62700786
123844446
123947043
107687013
89000430
123947170
21883725
22023270
107828507
90395816
90395812
90793042
112864382
62491297
22022887
62491294
62491293
90217647
89000506
107686993
62491386
112863993
107829029
124033476
38474586
21883726
124033648
90582988
123947039
112737370
62491296
112737938
123947107
38474585
130071539
112737941
91398757
112739242
91398756
107957045
22147145
62238003
107826289
89196796
112737939
112864289
107687033
112737943
107829451
107829449
90998723
128482318
124357955
22023277
112737367
90002381
128836242
62073563
62700788
21577202
22023272
22022872
89196798
107829445
107826287
21577189
89000339
62237781
22023280
38474587
89000503
130071540
107829222
130263795
107828925
90998724
22022871
21577191
22022870
38286342
128836243
90793044
124244779
91196031
112864443
107957044
62237779
21702120
112737940
107829446
124036579
124357954
123844447
128482292
89196801
130263793
21702115
89000431
112737885
107829030
123947173
90217646
123947235
129498246
22023271
112864381
112864253
112737887
124033649
62238004
112737937
130263797
112864043
22023274
112863992
107826284
62237958
62700785
128836240
62237780
107828203
128482319
128482293
128836239
